      Phi             z    Detector    Traza
---------  ------------  ----------  -------
4.7195      -3.75498              1        1
4.73694     -4.14629              2        1
4.71424     -4.53893              3        1
4.74386     -4.92591              4        1
0.869679     1.23847              1        2
0.888546    -0.00412656           2        2
0.868274    -1.24943              3        2
0.895789    -2.49304              4        2
3.83508     -1.82423              1        3
3.84114     -3.76289              2        3
3.86012     -5.70564              3        3
3.82658     -7.64376              4        3
1.80676      2.08637              1        4
1.8075       4.32792              2        4
1.79973      6.56934              3        4
1.7961       8.81191              4        4
5.87586      3.99988              1        5
5.88561      6.60561              2        5
5.88639      9.21076              3        5
5.89559     11.819                4        5
1.83543     -6.81708              1        6
1.82971     -9.80245              2        6
1.84063    -12.7873               3        6
1.85351    -15.7732               4        6
1.34992     -2.89759              1        7
1.36129     -7.40802              2        7
1.33988    -11.9204               3        7
1.37503    -16.4308               4        7
4.31899     -0.269969             1        8
4.34394     -4.255                2        8
4.32638     -8.24163              3        8
4.34101    -12.2285               4        8
3.78216      2.58327              1        9
3.82928      8.36024              2        9
3.79546     14.1368               3        9
3.8072      19.9128               4        9
4.2876       3.28037              1       10
4.30055      5.72145              2       10
4.31808      8.15894              3       10
4.30865     10.6003               4       10
1.05662     -1.38096              1       11
1.02633     -3.46752              2       11
1.03889     -5.55326              3       11
1.03876     -7.63934              4       11
4.37691     -2.94067              1       12
4.36638     -6.58436              2       12
4.37742    -10.2266               3       12
4.37736    -13.8694               4       12
3.85577      1.42167              1       13
3.84372     -1.08618              2       13
3.86168     -3.59254              3       13
3.8528      -6.10127              4       13
0.532483    -1.6562               1       14
0.541232    -5.27091              2       14
0.545896    -8.88568              3       14
0.558355   -12.5004               4       14
1.43281     -1.6944               1       15
1.44712     -6.69147              2       15
1.43452    -11.6887               3       15
1.44578    -16.6847               4       15
0.611838    -3.36989              1       16
0.611425    -6.61382              2       16
0.629535    -9.85753              3       16
0.618608   -13.0978               4       16
0.817859    -4.24208              1       17
0.802103    -5.73966              2       17
0.812721    -7.23741              3       17
0.812275    -8.73783              4       17
6.2332      -3.20904              1       18
6.23955     -5.05153              2       18
6.23868     -6.89856              3       18
6.2466      -8.74516              4       18
3.78513     -4.86766              1       19
3.77592     -9.81265              2       19
3.79275    -14.7529               3       19
3.78544    -19.6954               4       19
5.33934     -0.484461             1       20
5.34393     -0.656291             2       20
5.33422     -0.826344             3       20
5.32431     -0.995483             4       20
4.16166      0.55986              1       21
4.16998      2.26543              2       21
4.16409      3.96844              3       21
4.14777      5.67164              4       21
4.92826      2.13604              1       22
4.91964      2.58738              2       22
4.93382      3.03788              3       22
4.93089      3.48836              4       22
1.22416      5.65942              1       23
1.23134      7.57062              2       23
1.22081      9.48425              3       23
1.21485     11.394                4       23
3.40858      7.91391              1       24
3.41133     17.512                2       24
3.40526     27.1073               3       24
3.39638     36.7078               4       24
0.718449     0.466369             1       25
0.71757      3.59503              2       25
0.718426     6.72787              3       25
0.728755     9.85762              4       25
5.60331     -1.01616              1       26
5.58874     -3.45218              2       26
5.61337     -5.89352              3       26
5.59645     -8.3293               4       26
5.3709      -4.05638              1       27
5.35958     -7.55543              2       27
5.35447    -11.0558               3       27
5.3407     -14.5557               4       27
4.17732      1.69346              1       28
4.16926      2.82446              2       28
4.1804       3.95626              3       28
4.16085      5.0875               4       28
5.5164      -2.54311              1       29
5.53024     -1.99733              2       29
5.52836     -1.44636              3       29
5.52349     -0.903673             4       29
4.39783      4.29738              1       30
4.4117       8.97163              2       30
4.41725     13.6488               3       30
4.42554     18.3195               4       30
4.77215     -4.6281               1       31
4.77179     -6.36263              2       31
4.78235     -8.09382              3       31
4.78418     -9.82862              4       31
5.82922     -3.23958              1       32
5.8278      -6.69225              2       32
5.82807    -10.1405               3       32
5.84193    -13.5911               4       32
3.2523       1.37431              1       33
3.26293      1.8475               2       33
3.27144      2.32608              3       33
3.25433      2.8022               4       33
5.44433     -1.16739              1       34
5.432       -2.62476              2       34
5.47253     -4.07666              3       34
5.4481      -5.52933              4       34
2.85988      0.550125             1       35
2.88196      2.59677              2       35
2.86133      4.64335              3       35
2.86799      6.68959              4       35
5.52623      1.82733              1       36
5.51903      4.58803              2       36
5.52629      7.34942              3       36
5.50821     10.1135               4       36
1.11346      0.376464             1       37
1.1164      -1.22596              2       37
1.11691     -2.82567              3       37
1.12533     -4.42767              4       37
5.46641      2.28483              1       38
5.44142      4.54309              2       38
5.45824      6.80007              3       38
5.45391      9.05634              4       38
3.78841      0.6855               1       39
3.76843      3.32042              2       39
3.77684      5.95107              3       39
3.75919      8.58559              4       39
1.64802     -3.67015              1       40
1.63818     -5.53821              2       40
1.6329      -7.40528              3       40
1.67184     -9.27262              4       40
1.34071      5.33996              1       41
1.33224      7.82801              2       41
1.33005     10.3158               3       41
1.34229     12.8044               4       41
0.517902    -5.29704              1       42
0.511248    -9.04936              2       42
0.528409   -12.8074               3       42
0.518181   -16.5591               4       42
1.64186     -2.17441              1       43
1.63965     -5.1478               2       43
1.62062     -8.12722              3       43
1.61864    -11.106                4       43
2.28775      1.29034              1       44
2.29597      1.03804              2       44
2.28131      0.786632             3       44
2.30631      0.53395              4       44
4.28678     -5.28908              1       45
4.28759    -12.0532               2       45
4.29288    -18.8188               3       45
4.3231     -25.5829               4       45
1.07175      0.509186             1       46
1.05016     -0.950177             2       46
1.045       -2.40854              3       46
1.06601     -3.8687               4       46
4.93859      1.19019              1       47
4.93537      5.04959              2       47
4.9414       8.9078               3       47
4.93462     12.7675               4       47
3.47073      5.35761              1       48
3.46959      7.89811              2       48
3.48543     10.442                3       48
3.49071     12.9849               4       48
2.353        2.59955              1       49
2.33725      4.62538              2       49
2.37433      6.65208              3       49
2.36259      8.68015              4       49
2.31152     -2.98277              1       50
2.29175     -5.12796              2       50
2.31468     -7.26651              3       50
2.28821     -9.40981              4       50
0.857712     2.49173              1       51
0.843611     7.50733              2       51
0.840158    12.5226               3       51
0.844123    17.539                4       51
2.38296     -1.50775              1       52
2.39836     -1.30428              2       52
2.39287     -1.1006               3       52
2.36759     -0.897106             4       52
5.73309     -1.66026              1       53
5.73753     -1.73812              2       53
5.73724     -1.818                3       53
5.75052     -1.89677              4       53
2.39009     -3.50542              1       54
2.37414     -4.43974              2       54
2.39114     -5.37115              3       54
2.39455     -6.30808              4       54
4.49563     -4.40079              1       55
4.49399     -8.91555              2       55
4.48196    -13.4332               3       55
4.49188    -17.9486               4       55
4.68312      1.63245              1       56
4.67789      4.48256              2       56
4.67491      7.33423              3       56
4.67176     10.1821               4       56
1.10962      5.77253              1       57
1.11961     12.8906               2       57
1.131       20.0067               3       57
1.11454     27.1233               4       57
5.67556      1.69475              1       58
5.65151      6.2214               2       58
5.66554     10.7455               3       58
5.65427     15.2703               4       58
3.47789      5.1783               1       59
3.45404      6.28035              2       59
3.46744      7.38186              3       59
3.46868      8.483                4       59
1.63535      3.61208              1       60
1.62008      8.81277              2       60
1.62334     14.0139               3       60
1.62954     19.2136               4       60
0.881154     0.190829             1       61
0.882512     0.618549             2       61
0.896414     1.04955              3       61
0.888981     1.47934              4       61
1.72078      0.195884             1       62
1.72515     -0.729334             2       62
1.73255     -1.66013              3       62
1.72723     -2.59117              4       62
5.9539       0.410574             1       63
5.94548      2.20767              2       63
5.95093      4.00397              3       63
5.93411      5.80217              4       63
3.47335      0.543882             1       64
3.44693      0.430569             2       64
3.44961      0.315004             3       64
3.44338      0.199056             4       64
2.875       -7.14763              1       65
2.85341    -14.5782               2       65
2.85886    -22.0102               3       65
2.85352    -29.4404               4       65
1.55036      0.11264              1       66
1.55191     -0.182069             2       66
1.54415     -0.476181             3       66
1.53491     -0.772974             4       66
0.621934     5.13236              1       67
0.662777     9.64324              2       67
0.656901    14.1557               3       67
0.653045    18.6667               4       67
3.26052      1.66807              1       68
3.2497       2.02698              2       68
3.24659      2.38865              3       68
3.22173      2.75045              4       68
0.527342    -3.22995              1       69
0.526019    -7.7953               2       69
0.512593   -12.3585               3       69
0.533953   -16.9258               4       69
5.02248      7.03938              1       70
5.02049     13.5507               2       70
5.02598     20.0615               3       70
5.0094      26.5752               4       70
5.5288      -4.51482              1       71
5.51787     -6.74637              2       71
5.50574     -8.97709              3       71
5.50468    -11.2082               4       71
5.83811     -5.70988              1       72
5.83359     -9.32695              2       72
5.83064    -12.9435               3       72
5.8451     -16.5618               4       72
2.35993      7.89809              1       73
2.35783     13.2784               2       73
2.39131     18.6567               3       73
2.35464     24.0353               4       73
5.91686      6.39757              1       74
5.90143     15.4088               2       74
5.92038     24.4186               3       74
5.9065      33.4328               4       74
0.0808569    3.99428              1       75
0.100723     7.10326              2       75
0.0691911   10.2161               3       75
0.0908193   13.3289               4       75
1.56991     -1.81131              1       76
1.54913     -0.167741             2       76
1.5515       1.47042              3       76
1.54257      3.1101               4       76
6.07112     -0.886852             1       77
6.06284     -1.63587              2       77
6.07187     -2.38332              3       77
6.07563     -3.13704              4       77
0.838797     1.90026              1       78
0.835642     5.10536              2       78
0.83057      8.31317              3       78
0.834891    11.5189               4       78
5.95295      5.24759              1       79
5.94582      5.7256               2       79
5.96481      6.2055               3       79
5.94482      6.68235              4       79
4.20541      2.41209              1       80
4.22797      5.58307              2       80
4.19947      8.75771              3       80
4.21091     11.9296               4       80
2.82039     -2.81642              1       81
2.81677     -3.40928              2       81
2.82017     -4.00267              3       81
2.8149      -4.59088              4       81
4.49058     -1.43871              1       82
4.51548     -3.187                2       82
4.4901      -4.93367              3       82
4.50051     -6.68234              4       82
0.105894     5.4657               1       83
0.119771    10.5863               2       83
0.102807    15.7055               3       83
0.10688     20.8276               4       83
6.04964     -8.3113               1       84
6.04953    -11.3014               2       84
6.05386    -14.2897               3       84
6.02968    -17.2778               4       84
4.9866      -4.54161              1       85
4.98932     -8.61543              2       85
4.99996    -12.6865               3       85
4.97492    -16.7572               4       85
4.12352     -3.14039              1       86
4.14578     -2.96971              2       86
4.14693     -2.80044              3       86
4.13607     -2.63095              4       86
3.02472      1.45003              1       87
3.02528      5.31469              2       87
3.00931      9.17863              3       87
3.00804     13.0448               4       87
5.85457     -5.96711              1       88
5.87358    -10.6623               2       88
5.86193    -15.3577               3       88
5.87       -20.0517               4       88
5.13382     -2.20024              1       89
5.14213     -4.54242              2       89
5.12217     -6.88077              3       89
5.12792     -9.22451              4       89
2.03626     -0.94937              1       90
2.03112     -1.5083               2       90
2.0287      -2.06391              3       90
2.01459     -2.62299              4       90
1.14235      0.148928             1       91
1.13305     -0.706803             2       91
1.12443     -1.5596               3       91
1.1251      -2.4162               4       91
0.562924     0.568009             1       92
0.545553     1.48029              2       92
0.55364      2.39151              3       92
0.554352     3.3015               4       92
3.83215     -0.16773              1       93
3.85334     -0.428206             2       93
3.85043     -0.689319             3       93
3.84753     -0.948635             4       93
3.12055      7.157                1       94
3.11009     12.2596               2       94
3.11645     17.361                3       94
3.12128     22.4627               4       94
4.09739     -5.22084              1       95
4.09501    -10.6418               2       95
4.11456    -16.0605               3       95
4.10483    -21.4841               4       95
3.72448      1.18909              1       96
3.73145      1.3425               2       96
3.73949      1.49532              3       96
3.75199      1.64935              4       96
1.27319     -2.70929              1       97
1.27725     -4.31131              2       97
1.2604      -5.91609              3       97
1.27226     -7.52042              4       97
1.04482      3.94937              1       98
1.01496      9.6169               2       98
1.02806     15.2839               3       98
1.04536     20.9529               4       98
2.34854    -11.6322               1       99
2.35891    -19.6626               2       99
2.36475    -27.6925               3       99
2.34111    -35.7212               4       99
5.61428      5.28163              1      100
5.60445     10.0522               2      100
5.61557     14.8217               3      100
5.6244      19.5916               4      100
5.09655     16.851                3        0
5.85271      8.268                2        0
1.36335     -9.7834               2        0
3.91277    -17.4483               4        0
0.676183   -18.3707               4        0
0.355111     0.76619              1        0
4.4067      14.4861               4        0
5.5925      -4.85776              1        0
2.74908    -13.6825               4        0
5.80506      4.60407              1        0
3.7598      -3.25446              3        0
1.17243     -5.73165              1        0
0.421699   -11.0718               2        0
2.19513      5.98248              1        0
3.50582      0.6235               3        0
5.15348    -23.1395               4        0
4.25941      3.19228              2        0
4.9653      14.2014               3        0
3.18994      4.71273              4        0
0.721932    -4.08561              3        0
6.09302      2.52563              4        0
1.95056     -5.54263              2        0
3.80947      3.49423              4        0
4.84305     -8.57076              2        0
2.38432     13.4005               4        0
4.98175    -14.9988               3        0
6.0367      -8.1079               4        0
3.45408     -4.92332              2        0
2.15305     10.0622               2        0
1.72588      4.1774               3        0
4.6904       6.45755              2        0
2.93796      5.77243              1        0
4.47703     -6.49459              2        0
4.45269      4.43457              4        0
6.24217     -0.665425             1        0
1.50703      4.02783              1        0
3.88267      8.90695              3        0
4.52235    -10.147                2        0
4.47434     -7.11012              3        0
1.2586     -15.3056               4        0
